Ne 0
S 2 1.00
   23.302447   -3.984785e-02
    9.703904   -1.373448e-01
S 1 1.00
    3.472360    1.000000e+00
S 1 1.00
    1.685413    1.000000e+00
S 1 1.00
    0.694978    1.000000e+00
S 1 1.00
    0.277835    1.000000e+00
S 1 1.00
    0.088712    1.000000e+00
P 2 1.00
   19.809787    3.984840e-02
    8.408073    1.249541e-01
P 1 1.00
    3.332351    1.000000e+00
P 1 1.00
    1.337956    1.000000e+00
P 1 1.00
    0.522410    1.000000e+00
P 1 1.00
    0.193122    1.000000e+00
P 1 1.00
    0.059330    1.000000e+00
D 1 1.00
    9.837000    1.000000e+00
D 1 1.00
    3.844000    1.000000e+00
D 1 1.00
    1.502000    1.000000e+00
D 1 1.00
    0.587000    1.000000e+00
D 1 1.00
    0.213000    1.000000e+00
F 1 1.00
    7.090000    1.000000e+00
F 1 1.00
    2.738000    1.000000e+00
F 1 1.00
    1.057000    1.000000e+00
F 1 1.00
    0.425000    1.000000e+00
G 1 1.00
    5.460000    1.000000e+00
G 1 1.00
    1.880000    1.000000e+00
G 1 1.00
    0.809000    1.000000e+00
H 1 1.00
    3.776000    1.0000000e+00
H 1 1.00
    1.628000    1.0000000e+00